[gd_scene load_steps=7 format=2]

[ext_resource path="res://LandscapeModels/Nature/Leaves.material" type="Material" id=1]
[ext_resource path="res://LandscapeModels/Nature/Tree.material" type="Material" id=2]
[ext_resource path="res://LandscapeModels/Nature/Bush3.tscn" type="PackedScene" id=3]
[ext_resource path="res://LandscapeModels/Nature/Bush1.tscn" type="PackedScene" id=4]
[ext_resource path="res://LandscapeModels/Nature/Bush2.tscn" type="PackedScene" id=5]

[sub_resource type="ArrayMesh" id=1]
surfaces/0 = {
"aabb": AABB( -0.0095758, -0.00787847, -0.00897351, 0.026045, 0.026406, 0.0260247 ),
"array_data": PoolByteArray( 107, 129, 22, 187, 187, 163, 84, 59, 156, 5, 19, 188, 16, 210, 139, 0, 42, 60, 75, 60, 20, 82, 195, 186, 253, 205, 164, 187, 16, 210, 139, 0, 153, 135, 214, 186, 25, 194, 199, 187, 71, 226, 169, 187, 16, 210, 139, 0, 107, 129, 22, 187, 187, 163, 84, 59, 156, 5, 19, 188, 179, 214, 165, 0, 153, 135, 214, 186, 25, 194, 199, 187, 71, 226, 169, 187, 179, 214, 165, 0, 38, 100, 18, 188, 4, 203, 184, 59, 143, 89, 146, 187, 179, 214, 165, 0, 42, 60, 75, 60, 20, 82, 195, 186, 253, 205, 164, 187, 28, 243, 134, 0, 107, 129, 22, 187, 187, 163, 84, 59, 156, 5, 19, 188, 28, 243, 134, 0, 171, 4, 78, 60, 71, 217, 179, 59, 102, 6, 188, 187, 28, 243, 134, 0, 153, 135, 214, 186, 25, 194, 199, 187, 71, 226, 169, 187, 38, 139, 230, 0, 42, 60, 75, 60, 20, 82, 195, 186, 253, 205, 164, 187, 38, 139, 230, 0, 122, 234, 134, 60, 189, 68, 23, 187, 87, 156, 147, 59, 38, 139, 230, 0, 43, 200, 83, 187, 225, 147, 96, 60, 133, 141, 166, 187, 197, 34, 150, 0, 107, 129, 22, 187, 187, 163, 84, 59, 156, 5, 19, 188, 197, 34, 150, 0, 38, 100, 18, 188, 4, 203, 184, 59, 143, 89, 146, 187, 197, 34, 150, 0, 38, 100, 18, 188, 4, 203, 184, 59, 143, 89, 146, 187, 158, 199, 201, 0, 153, 135, 214, 186, 25, 194, 199, 187, 71, 226, 169, 187, 158, 199, 201, 0, 215, 53, 17, 188, 97, 55, 71, 187, 66, 177, 143, 59, 158, 199, 201, 0, 42, 60, 75, 60, 20, 82, 195, 186, 253, 205, 164, 187, 116, 249, 206, 0, 171, 4, 78, 60, 71, 217, 179, 59, 102, 6, 188, 187, 116, 249, 206, 0, 122, 234, 134, 60, 189, 68, 23, 187, 87, 156, 147, 59, 116, 249, 206, 0, 43, 200, 83, 187, 225, 147, 96, 60, 133, 141, 166, 187, 18, 45, 139, 0, 171, 4, 78, 60, 71, 217, 179, 59, 102, 6, 188, 187, 18, 45, 139, 0, 107, 129, 22, 187, 187, 163, 84, 59, 156, 5, 19, 188, 18, 45, 139, 0, 97, 170, 80, 59, 32, 120, 211, 59, 221, 213, 224, 187, 18, 45, 139, 0, 105, 225, 159, 59, 239, 56, 239, 59, 64, 69, 205, 187, 18, 45, 139, 0, 134, 70, 159, 59, 204, 1, 22, 60, 13, 229, 181, 187, 18, 45, 139, 0, 210, 62, 78, 59, 184, 134, 38, 60, 115, 21, 178, 187, 18, 45, 139, 0, 43, 200, 83, 187, 225, 147, 96, 60, 133, 141, 166, 187, 18, 45, 139, 0, 210, 62, 78, 59, 184, 134, 38, 60, 115, 21, 178, 187, 18, 45, 139, 0, 210, 249, 192, 58, 25, 209, 24, 60, 189, 105, 197, 187, 18, 45, 139, 0, 64, 82, 190, 58, 119, 97, 24, 60, 4, 219, 197, 187, 18, 45, 139, 0, 87, 184, 192, 58, 249, 129, 244, 59, 69, 6, 221, 187, 18, 45, 139, 0, 97, 170, 80, 59, 32, 120, 211, 59, 221, 213, 224, 187, 18, 45, 139, 0, 107, 129, 22, 187, 187, 163, 84, 59, 156, 5, 19, 188, 18, 45, 139, 0, 14, 194, 188, 59, 180, 20, 1, 188, 87, 1, 240, 59, 46, 146, 214, 0, 153, 135, 214, 186, 25, 194, 199, 187, 71, 226, 169, 187, 46, 146, 214, 0, 122, 234, 134, 60, 189, 68, 23, 187, 87, 156, 147, 59, 46, 146, 214, 0, 43, 200, 83, 187, 225, 147, 96, 60, 133, 141, 166, 187, 163, 61, 195, 0, 38, 100, 18, 188, 4, 203, 184, 59, 143, 89, 146, 187, 163, 61, 195, 0, 205, 227, 28, 188, 179, 146, 65, 60, 10, 16, 49, 59, 163, 61, 195, 0, 38, 100, 18, 188, 4, 203, 184, 59, 143, 89, 146, 187, 130, 250, 251, 0, 215, 53, 17, 188, 97, 55, 71, 187, 66, 177, 143, 59, 130, 250, 251, 0, 205, 227, 28, 188, 179, 146, 65, 60, 10, 16, 49, 59, 130, 250, 251, 0, 215, 53, 17, 188, 97, 55, 71, 187, 66, 177, 143, 59, 183, 156, 233, 0, 153, 135, 214, 186, 25, 194, 199, 187, 71, 226, 169, 187, 183, 156, 233, 0, 53, 103, 112, 187, 220, 62, 242, 187, 199, 176, 222, 59, 183, 156, 233, 0, 122, 234, 134, 60, 189, 68, 23, 187, 87, 156, 147, 59, 121, 29, 233, 0, 171, 4, 78, 60, 71, 217, 179, 59, 102, 6, 188, 187, 121, 29, 233, 0, 146, 144, 79, 60, 75, 142, 61, 60, 10, 127, 23, 59, 121, 29, 233, 0, 171, 4, 78, 60, 71, 217, 179, 59, 102, 6, 188, 187, 19, 47, 140, 0, 43, 200, 83, 187, 225, 147, 96, 60, 133, 141, 166, 187, 19, 47, 140, 0, 156, 180, 213, 59, 165, 122, 101, 60, 235, 173, 87, 187, 19, 47, 140, 0, 14, 194, 188, 59, 180, 20, 1, 188, 87, 1, 240, 59, 61, 177, 76, 0, 122, 234, 134, 60, 189, 68, 23, 187, 87, 156, 147, 59, 61, 177, 76, 0, 142, 124, 52, 59, 102, 176, 89, 186, 230, 174, 139, 60, 61, 177, 76, 0, 153, 135, 214, 186, 25, 194, 199, 187, 71, 226, 169, 187, 251, 130, 242, 0, 14, 194, 188, 59, 180, 20, 1, 188, 87, 1, 240, 59, 251, 130, 242, 0, 53, 103, 112, 187, 220, 62, 242, 187, 199, 176, 222, 59, 251, 130, 242, 0, 43, 200, 83, 187, 225, 147, 96, 60, 133, 141, 166, 187, 183, 97, 221, 0, 205, 227, 28, 188, 179, 146, 65, 60, 10, 16, 49, 59, 183, 97, 221, 0, 235, 107, 34, 187, 10, 199, 151, 60, 164, 193, 210, 59, 183, 97, 221, 0, 205, 227, 28, 188, 179, 146, 65, 60, 10, 16, 49, 59, 130, 250, 254, 0, 215, 53, 17, 188, 97, 55, 71, 187, 66, 177, 143, 59, 130, 250, 254, 0, 148, 20, 26, 188, 236, 69, 208, 59, 184, 126, 11, 60, 130, 250, 254, 0, 215, 53, 17, 188, 97, 55, 71, 187, 66, 177, 143, 59, 171, 192, 67, 0, 53, 103, 112, 187, 220, 62, 242, 187, 199, 176, 222, 59, 171, 192, 67, 0, 130, 38, 133, 187, 64, 67, 19, 59, 202, 234, 125, 60, 171, 192, 67, 0, 122, 234, 134, 60, 189, 68, 23, 187, 87, 156, 147, 59, 117, 36, 29, 0, 146, 144, 79, 60, 75, 142, 61, 60, 10, 127, 23, 59, 117, 36, 29, 0, 92, 131, 68, 60, 234, 190, 177, 59, 18, 107, 77, 60, 117, 36, 29, 0, 171, 4, 78, 60, 71, 217, 179, 59, 102, 6, 188, 187, 83, 75, 198, 0, 156, 180, 213, 59, 165, 122, 101, 60, 235, 173, 87, 187, 83, 75, 198, 0, 146, 144, 79, 60, 75, 142, 61, 60, 10, 127, 23, 59, 83, 75, 198, 0, 156, 180, 213, 59, 165, 122, 101, 60, 235, 173, 87, 187, 5, 116, 207, 0, 43, 200, 83, 187, 225, 147, 96, 60, 133, 141, 166, 187, 5, 116, 207, 0, 235, 107, 34, 187, 10, 199, 151, 60, 164, 193, 210, 59, 5, 116, 207, 0, 53, 103, 112, 187, 220, 62, 242, 187, 199, 176, 222, 59, 247, 153, 72, 0, 14, 194, 188, 59, 180, 20, 1, 188, 87, 1, 240, 59, 247, 153, 72, 0, 142, 124, 52, 59, 102, 176, 89, 186, 230, 174, 139, 60, 247, 153, 72, 0, 142, 124, 52, 59, 102, 176, 89, 186, 230, 174, 139, 60, 76, 208, 89, 0, 122, 234, 134, 60, 189, 68, 23, 187, 87, 156, 147, 59, 76, 208, 89, 0, 92, 131, 68, 60, 234, 190, 177, 59, 18, 107, 77, 60, 76, 208, 89, 0, 205, 227, 28, 188, 179, 146, 65, 60, 10, 16, 49, 59, 165, 62, 61, 0, 148, 20, 26, 188, 236, 69, 208, 59, 184, 126, 11, 60, 165, 62, 61, 0, 235, 107, 34, 187, 10, 199, 151, 60, 164, 193, 210, 59, 165, 62, 61, 0, 148, 20, 26, 188, 236, 69, 208, 59, 184, 126, 11, 60, 150, 223, 61, 0, 215, 53, 17, 188, 97, 55, 71, 187, 66, 177, 143, 59, 150, 223, 61, 0, 130, 38, 133, 187, 64, 67, 19, 59, 202, 234, 125, 60, 150, 223, 61, 0, 130, 38, 133, 187, 64, 67, 19, 59, 202, 234, 125, 60, 202, 178, 84, 0, 53, 103, 112, 187, 220, 62, 242, 187, 199, 176, 222, 59, 202, 178, 84, 0, 142, 124, 52, 59, 102, 176, 89, 186, 230, 174, 139, 60, 202, 178, 84, 0, 146, 144, 79, 60, 75, 142, 61, 60, 10, 127, 23, 59, 76, 84, 55, 0, 16, 239, 22, 59, 84, 83, 100, 60, 128, 161, 85, 60, 76, 84, 55, 0, 92, 131, 68, 60, 234, 190, 177, 59, 18, 107, 77, 60, 76, 84, 55, 0, 146, 144, 79, 60, 75, 142, 61, 60, 10, 127, 23, 59, 51, 115, 250, 0, 156, 180, 213, 59, 165, 122, 101, 60, 235, 173, 87, 187, 51, 115, 250, 0, 235, 107, 34, 187, 10, 199, 151, 60, 164, 193, 210, 59, 51, 115, 250, 0, 92, 131, 68, 60, 234, 190, 177, 59, 18, 107, 77, 60, 35, 33, 117, 0, 16, 239, 22, 59, 84, 83, 100, 60, 128, 161, 85, 60, 35, 33, 117, 0, 142, 124, 52, 59, 102, 176, 89, 186, 230, 174, 139, 60, 35, 33, 117, 0, 235, 107, 34, 187, 10, 199, 151, 60, 164, 193, 210, 59, 184, 56, 88, 0, 148, 20, 26, 188, 236, 69, 208, 59, 184, 126, 11, 60, 184, 56, 88, 0, 130, 38, 133, 187, 64, 67, 19, 59, 202, 234, 125, 60, 184, 56, 88, 0, 16, 239, 22, 59, 84, 83, 100, 60, 128, 161, 85, 60, 243, 32, 122, 0, 130, 38, 133, 187, 64, 67, 19, 59, 202, 234, 125, 60, 243, 32, 122, 0, 142, 124, 52, 59, 102, 176, 89, 186, 230, 174, 139, 60, 243, 32, 122, 0, 146, 144, 79, 60, 75, 142, 61, 60, 10, 127, 23, 59, 58, 107, 32, 0, 235, 107, 34, 187, 10, 199, 151, 60, 164, 193, 210, 59, 58, 107, 32, 0, 16, 239, 22, 59, 84, 83, 100, 60, 128, 161, 85, 60, 58, 107, 32, 0, 16, 239, 22, 59, 84, 83, 100, 60, 128, 161, 85, 60, 187, 56, 89, 0, 235, 107, 34, 187, 10, 199, 151, 60, 164, 193, 210, 59, 187, 56, 89, 0, 130, 38, 133, 187, 64, 67, 19, 59, 202, 234, 125, 60, 187, 56, 89, 0 ),
"array_index_data": PoolByteArray( 2, 0, 1, 0, 0, 0, 5, 0, 4, 0, 3, 0, 8, 0, 7, 0, 6, 0, 11, 0, 10, 0, 9, 0, 14, 0, 13, 0, 12, 0, 17, 0, 16, 0, 15, 0, 20, 0, 19, 0, 18, 0, 22, 0, 21, 0, 27, 0, 25, 0, 23, 0, 22, 0, 22, 0, 27, 0, 26, 0, 26, 0, 25, 0, 22, 0, 25, 0, 24, 0, 23, 0, 30, 0, 29, 0, 28, 0, 28, 0, 34, 0, 31, 0, 31, 0, 30, 0, 28, 0, 34, 0, 33, 0, 32, 0, 34, 0, 32, 0, 31, 0, 37, 0, 36, 0, 35, 0, 40, 0, 39, 0, 38, 0, 43, 0, 42, 0, 41, 0, 46, 0, 45, 0, 44, 0, 49, 0, 48, 0, 47, 0, 52, 0, 51, 0, 50, 0, 55, 0, 54, 0, 53, 0, 58, 0, 57, 0, 56, 0, 61, 0, 60, 0, 59, 0, 64, 0, 63, 0, 62, 0, 67, 0, 66, 0, 65, 0, 70, 0, 69, 0, 68, 0, 73, 0, 72, 0, 71, 0, 76, 0, 75, 0, 74, 0, 79, 0, 78, 0, 77, 0, 82, 0, 81, 0, 80, 0, 85, 0, 84, 0, 83, 0, 88, 0, 87, 0, 86, 0, 91, 0, 90, 0, 89, 0, 94, 0, 93, 0, 92, 0, 97, 0, 96, 0, 95, 0, 100, 0, 99, 0, 98, 0, 103, 0, 102, 0, 101, 0, 106, 0, 105, 0, 104, 0, 109, 0, 108, 0, 107, 0, 112, 0, 111, 0, 110, 0 ),
"blend_shape_data": [  ],
"format": 97539,
"index_count": 129,
"material": ExtResource( 1 ),
"name": "Icosphere",
"primitive": 4,
"skeleton_aabb": [  ],
"vertex_count": 113
}
surfaces/1 = {
"aabb": AABB( 0.00144448, 0.00645353, -0.0189356, 0.00706312, 0.00827143, 0.013501 ),
"array_data": PoolByteArray( 167, 245, 109, 59, 55, 63, 94, 60, 44, 64, 99, 188, 57, 83, 76, 0, 115, 160, 190, 59, 211, 25, 75, 60, 251, 67, 107, 188, 57, 83, 76, 0, 123, 99, 11, 60, 23, 115, 91, 60, 134, 255, 141, 188, 57, 83, 76, 0, 0, 99, 208, 59, 239, 64, 113, 60, 188, 243, 141, 188, 57, 83, 76, 0, 0, 99, 208, 59, 239, 64, 113, 60, 188, 243, 141, 188, 198, 112, 251, 0, 8, 255, 137, 59, 69, 206, 95, 60, 137, 125, 148, 188, 198, 112, 251, 0, 217, 84, 189, 58, 25, 36, 74, 60, 139, 103, 104, 188, 198, 112, 251, 0, 167, 245, 109, 59, 55, 63, 94, 60, 44, 64, 99, 188, 198, 112, 251, 0, 167, 245, 109, 59, 55, 63, 94, 60, 44, 64, 99, 188, 63, 101, 42, 0, 53, 176, 125, 59, 134, 37, 56, 60, 29, 144, 13, 188, 63, 101, 42, 0, 137, 242, 181, 59, 5, 217, 38, 60, 6, 37, 13, 188, 63, 101, 42, 0, 115, 160, 190, 59, 211, 25, 75, 60, 251, 67, 107, 188, 63, 101, 42, 0, 0, 99, 208, 59, 239, 64, 113, 60, 188, 243, 141, 188, 24, 39, 138, 0, 123, 99, 11, 60, 23, 115, 91, 60, 134, 255, 141, 188, 24, 39, 138, 0, 123, 99, 11, 60, 149, 50, 52, 60, 29, 149, 148, 188, 24, 39, 138, 0, 254, 98, 208, 59, 237, 191, 34, 60, 234, 30, 155, 188, 24, 39, 138, 0, 8, 255, 137, 59, 196, 141, 56, 60, 32, 19, 155, 188, 24, 39, 138, 0, 8, 255, 137, 59, 69, 206, 95, 60, 137, 125, 148, 188, 24, 39, 138, 0, 123, 99, 11, 60, 23, 115, 91, 60, 134, 255, 141, 188, 96, 230, 78, 0, 115, 160, 190, 59, 211, 25, 75, 60, 251, 67, 107, 188, 96, 230, 78, 0, 114, 160, 190, 59, 82, 217, 35, 60, 39, 111, 120, 188, 96, 230, 78, 0, 123, 99, 11, 60, 149, 50, 52, 60, 29, 149, 148, 188, 96, 230, 78, 0, 53, 176, 125, 59, 134, 37, 56, 60, 29, 144, 13, 188, 192, 98, 47, 0, 167, 245, 109, 59, 55, 63, 94, 60, 44, 64, 99, 188, 192, 98, 47, 0, 217, 84, 189, 58, 25, 36, 74, 60, 139, 103, 104, 188, 192, 98, 47, 0, 92, 123, 15, 59, 165, 153, 42, 60, 94, 84, 24, 188, 192, 98, 47, 0, 254, 98, 208, 59, 237, 191, 34, 60, 234, 30, 155, 188, 57, 144, 10, 0, 123, 99, 11, 60, 149, 50, 52, 60, 29, 149, 148, 188, 57, 144, 10, 0, 114, 160, 190, 59, 82, 217, 35, 60, 39, 111, 120, 188, 57, 144, 10, 0, 167, 245, 109, 59, 52, 190, 15, 60, 135, 150, 125, 188, 57, 144, 10, 0, 8, 255, 137, 59, 196, 141, 56, 60, 32, 19, 155, 188, 151, 22, 190, 0, 217, 84, 189, 58, 153, 227, 34, 60, 185, 146, 117, 188, 151, 22, 190, 0, 217, 84, 189, 58, 25, 36, 74, 60, 139, 103, 104, 188, 151, 22, 190, 0, 8, 255, 137, 59, 69, 206, 95, 60, 137, 125, 148, 188, 151, 22, 190, 0, 114, 160, 190, 59, 82, 217, 35, 60, 39, 111, 120, 188, 126, 255, 5, 0, 115, 160, 190, 59, 211, 25, 75, 60, 251, 67, 107, 188, 126, 255, 5, 0, 137, 242, 181, 59, 5, 217, 38, 60, 6, 37, 13, 188, 126, 255, 5, 0, 135, 242, 181, 59, 162, 0, 8, 60, 46, 126, 23, 188, 126, 255, 5, 0, 134, 70, 159, 59, 204, 1, 22, 60, 13, 229, 181, 187, 62, 100, 47, 0, 137, 242, 181, 59, 5, 217, 38, 60, 6, 37, 13, 188, 62, 100, 47, 0, 53, 176, 125, 59, 134, 37, 56, 60, 29, 144, 13, 188, 62, 100, 47, 0, 210, 62, 78, 59, 184, 134, 38, 60, 115, 21, 178, 187, 62, 100, 47, 0, 210, 62, 78, 59, 184, 134, 38, 60, 115, 21, 178, 187, 194, 108, 22, 0, 53, 176, 125, 59, 134, 37, 56, 60, 29, 144, 13, 188, 194, 108, 22, 0, 92, 123, 15, 59, 165, 153, 42, 60, 94, 84, 24, 188, 194, 108, 22, 0, 64, 82, 190, 58, 86, 167, 24, 60, 34, 172, 197, 187, 194, 108, 22, 0, 210, 249, 192, 58, 25, 209, 24, 60, 189, 105, 197, 187, 194, 108, 22, 0, 167, 245, 109, 59, 52, 190, 15, 60, 135, 150, 125, 188, 198, 170, 184, 0, 217, 84, 189, 58, 153, 227, 34, 60, 185, 146, 117, 188, 198, 170, 184, 0, 8, 255, 137, 59, 196, 141, 56, 60, 32, 19, 155, 188, 198, 170, 184, 0, 254, 98, 208, 59, 237, 191, 34, 60, 234, 30, 155, 188, 198, 170, 184, 0, 217, 84, 189, 58, 25, 36, 74, 60, 139, 103, 104, 188, 131, 251, 16, 0, 217, 84, 189, 58, 153, 227, 34, 60, 185, 146, 117, 188, 131, 251, 16, 0, 92, 123, 15, 59, 67, 193, 11, 60, 135, 173, 34, 188, 131, 251, 16, 0, 92, 123, 15, 59, 165, 153, 42, 60, 94, 84, 24, 188, 131, 251, 16, 0, 114, 160, 190, 59, 82, 217, 35, 60, 39, 111, 120, 188, 63, 150, 229, 0, 135, 242, 181, 59, 162, 0, 8, 60, 46, 126, 23, 188, 63, 150, 229, 0, 52, 176, 125, 59, 131, 233, 244, 59, 112, 66, 34, 188, 63, 150, 229, 0, 167, 245, 109, 59, 52, 190, 15, 60, 135, 150, 125, 188, 63, 150, 229, 0, 105, 225, 159, 59, 239, 56, 239, 59, 64, 69, 205, 187, 124, 248, 25, 0, 135, 242, 181, 59, 162, 0, 8, 60, 46, 126, 23, 188, 124, 248, 25, 0, 137, 242, 181, 59, 5, 217, 38, 60, 6, 37, 13, 188, 124, 248, 25, 0, 134, 70, 159, 59, 204, 1, 22, 60, 13, 229, 181, 187, 124, 248, 25, 0, 64, 82, 190, 58, 119, 97, 24, 60, 4, 219, 197, 187, 132, 8, 231, 0, 64, 82, 190, 58, 86, 167, 24, 60, 34, 172, 197, 187, 132, 8, 231, 0, 92, 123, 15, 59, 165, 153, 42, 60, 94, 84, 24, 188, 132, 8, 231, 0, 92, 123, 15, 59, 67, 193, 11, 60, 135, 173, 34, 188, 132, 8, 231, 0, 87, 184, 192, 58, 249, 129, 244, 59, 69, 6, 221, 187, 132, 8, 231, 0, 210, 249, 192, 58, 25, 209, 24, 60, 189, 105, 197, 187, 230, 217, 117, 0, 64, 82, 190, 58, 86, 167, 24, 60, 34, 172, 197, 187, 230, 217, 117, 0, 64, 82, 190, 58, 119, 97, 24, 60, 4, 219, 197, 187, 230, 217, 117, 0, 167, 245, 109, 59, 52, 190, 15, 60, 135, 150, 125, 188, 192, 149, 235, 0, 52, 176, 125, 59, 131, 233, 244, 59, 112, 66, 34, 188, 192, 149, 235, 0, 92, 123, 15, 59, 67, 193, 11, 60, 135, 173, 34, 188, 192, 149, 235, 0, 217, 84, 189, 58, 153, 227, 34, 60, 185, 146, 117, 188, 192, 149, 235, 0, 97, 170, 80, 59, 32, 120, 211, 59, 221, 213, 224, 187, 62, 148, 234, 0, 52, 176, 125, 59, 131, 233, 244, 59, 112, 66, 34, 188, 62, 148, 234, 0, 135, 242, 181, 59, 162, 0, 8, 60, 46, 126, 23, 188, 62, 148, 234, 0, 105, 225, 159, 59, 239, 56, 239, 59, 64, 69, 205, 187, 62, 148, 234, 0, 87, 184, 192, 58, 249, 129, 244, 59, 69, 6, 221, 187, 194, 156, 209, 0, 92, 123, 15, 59, 67, 193, 11, 60, 135, 173, 34, 188, 194, 156, 209, 0, 52, 176, 125, 59, 131, 233, 244, 59, 112, 66, 34, 188, 194, 156, 209, 0, 97, 170, 80, 59, 32, 120, 211, 59, 221, 213, 224, 187, 194, 156, 209, 0 ),
"array_index_data": PoolByteArray( 3, 0, 1, 0, 0, 0, 3, 0, 2, 0, 1, 0, 7, 0, 5, 0, 4, 0, 7, 0, 6, 0, 5, 0, 11, 0, 9, 0, 8, 0, 11, 0, 10, 0, 9, 0, 12, 0, 17, 0, 16, 0, 12, 0, 16, 0, 15, 0, 12, 0, 15, 0, 14, 0, 14, 0, 13, 0, 12, 0, 21, 0, 19, 0, 18, 0, 21, 0, 20, 0, 19, 0, 25, 0, 23, 0, 22, 0, 25, 0, 24, 0, 23, 0, 29, 0, 27, 0, 26, 0, 29, 0, 28, 0, 27, 0, 33, 0, 31, 0, 30, 0, 33, 0, 32, 0, 31, 0, 37, 0, 35, 0, 34, 0, 37, 0, 36, 0, 35, 0, 41, 0, 39, 0, 38, 0, 41, 0, 40, 0, 39, 0, 42, 0, 46, 0, 45, 0, 42, 0, 45, 0, 44, 0, 44, 0, 43, 0, 42, 0, 50, 0, 48, 0, 47, 0, 50, 0, 49, 0, 48, 0, 54, 0, 52, 0, 51, 0, 54, 0, 53, 0, 52, 0, 58, 0, 56, 0, 55, 0, 58, 0, 57, 0, 56, 0, 62, 0, 60, 0, 59, 0, 62, 0, 61, 0, 60, 0, 63, 0, 67, 0, 66, 0, 63, 0, 66, 0, 65, 0, 65, 0, 64, 0, 63, 0, 70, 0, 69, 0, 68, 0, 74, 0, 72, 0, 71, 0, 74, 0, 73, 0, 72, 0, 78, 0, 76, 0, 75, 0, 78, 0, 77, 0, 76, 0, 82, 0, 80, 0, 79, 0, 82, 0, 81, 0, 80, 0 ),
"blend_shape_data": [  ],
"format": 97539,
"index_count": 129,
"material": ExtResource( 2 ),
"name": "Icosphere",
"primitive": 4,
"skeleton_aabb": [  ],
"vertex_count": 83
}

[node name="BushCollection2" type="Spatial"]
transform = Transform( 1, 0, 0, 0, 1, 0, 0, 0, 1, -14.8399, 1, 0 )

[node name="Icosphere2" type="MeshInstance" parent="."]
transform = Transform( 9.74722, -0.603213, 1.79801, -1.89649, -3.10027, 9.24102, 2.95937e-07, -9.41432, -3.15841, -0.0878003, 0.256433, 0.0812369 )
mesh = SubResource( 1 )
material/0 = null
material/1 = null

[node name="Bush4" type="Spatial" parent="." instance=ExtResource( 4 )]
transform = Transform( 0.880709, 0, 0.473658, 0, 1, 0, -0.473658, 0, 0.880709, 0.890823, 0, -0.528348 )

[node name="Bush5" type="Spatial" parent="." instance=ExtResource( 5 )]
transform = Transform( 0.68081, 0, -0.73246, 0, 1, 0, 0.73246, 0, 0.68081, 2, 0, 0 )

[node name="Bush7" type="Spatial" parent="." instance=ExtResource( 5 )]
transform = Transform( 0.6261, 0, 0.779742, 0, 1, 0, -0.779742, 0, 0.6261, 1.17135, 0, -1.09813 )

[node name="Bush6" type="Spatial" parent="." instance=ExtResource( 3 )]
transform = Transform( 0.798583, 0, 0.601885, 0, 1, 0, -0.601885, 0, 0.798583, -1, 0, 0 )

[node name="Bush8" type="Spatial" parent="." instance=ExtResource( 4 )]
transform = Transform( -0.462492, 0, 0.886624, 0, 1, 0, -0.886624, 0, -0.462492, -0.614925, 0, -1.17501 )

[node name="Bush9" type="Spatial" parent="." instance=ExtResource( 5 )]
transform = Transform( 0.741004, 0, 0.671501, 0, 1, 0, -0.671501, 0, 0.741004, -0.0726042, 0, -2.27742 )

[node name="Bush10" type="Spatial" parent="." instance=ExtResource( 5 )]
transform = Transform( -0.771769, 0, 0.635903, 0, 1, 0, -0.635903, 0, -0.771769, -1.18112, 0, -1.46271 )

[node name="Bush11" type="Spatial" parent="." instance=ExtResource( 3 )]
transform = Transform( -0.591746, 0, 0.806125, 0, 1, 0, -0.806125, 0, -0.591746, -0.110512, 0, 0.722341 )

[node name="Bush12" type="Spatial" parent="." instance=ExtResource( 4 )]
transform = Transform( 0.841756, 0, 0.539858, 0, 1, 0, -0.539858, 0, 0.841756, 1.57477, 0, -2.38417 )

[node name="Bush13" type="Spatial" parent="." instance=ExtResource( 5 )]
transform = Transform( 0.735021, 0, -0.678044, 0, 1, 0, 0.678044, 0, 0.735021, 2.72122, 0, -1.94252 )

[node name="Bush14" type="Spatial" parent="." instance=ExtResource( 5 )]
transform = Transform( 0.564405, 0, 0.825498, 0, 1, 0, -0.825498, 0, 0.564405, 1.81073, 0, -2.97381 )

[node name="Bush15" type="Spatial" parent="." instance=ExtResource( 3 )]
transform = Transform( 0.75003, 0, 0.661404, 0, 1, 0, -0.661404, 0, 0.75003, -0.269925, 0, -1.71225 )

[node name="Bush16" type="Spatial" parent="." instance=ExtResource( 4 )]
transform = Transform( -0.529179, 0, 0.84851, 0, 1, 0, -0.84851, 0, -0.529179, 0.0238256, 0, -2.91335 )

[node name="Bush17" type="Spatial" parent="." instance=ExtResource( 5 )]
transform = Transform( 0.687278, 0, 0.726395, 0, 1, 0, -0.726395, 0, 0.687278, 0.479933, 0, -4.05414 )

[node name="Bush18" type="Spatial" parent="." instance=ExtResource( 5 )]
transform = Transform( -0.8183, 0, 0.574791, 0, 1, 0, -0.574791, 0, -0.8183, -0.562779, 0, -3.15675 )

[node name="Bush19" type="Spatial" parent="." instance=ExtResource( 3 )]
transform = Transform( -0.651874, 0, 0.758328, 0, 1, 0, -0.758328, 0, -0.651874, 0.672381, 0, -1.06032 )

[node name="Bush20" type="Spatial" parent="." instance=ExtResource( 4 )]
transform = Transform( -0.341791, 0, 0.939776, 0, 1, 0, -0.939776, 0, -0.341791, 1.91313, 0, 2.65248 )

[node name="Bush21" type="Spatial" parent="." instance=ExtResource( 5 )]
transform = Transform( 0.822928, 0, 0.568145, 0, 1, 0, -0.568145, 0, 0.822928, 2.59581, 0, 1.63102 )

[node name="Bush22" type="Spatial" parent="." instance=ExtResource( 5 )]
transform = Transform( -0.681373, 0, 0.731937, 0, 1, 0, -0.731937, 0, -0.681373, 1.38972, 0, 2.29277 )

[node name="Bush23" type="Spatial" parent="." instance=ExtResource( 3 )]
transform = Transform( -0.480514, 0, 0.876987, 0, 1, 0, -0.876987, 0, -0.480514, 2.16347, 0, 4.59971 )

[node name="Bush24" type="Spatial" parent="." instance=ExtResource( 4 )]
transform = Transform( -0.94402, 0, -0.329889, 0, 1, 0, 0.329889, 0, -0.94402, 1.05622, 0, 4.04932 )

[node name="Bush25" type="Spatial" parent="." instance=ExtResource( 5 )]
transform = Transform( -0.557702, 0, 0.830041, 0, 1, 0, -0.830041, 0, -0.557702, 0.0434752, 0, 3.35378 )

[node name="Bush26" type="Spatial" parent="." instance=ExtResource( 5 )]
transform = Transform( -0.740488, 0, -0.67207, 0, 1, 0, 0.67207, 0, -0.740488, 0.689928, 0, 4.56814 )

[node name="Bush27" type="Spatial" parent="." instance=ExtResource( 3 )]
transform = Transform( -0.882989, 0, -0.469395, 0, 1, 0, 0.469395, 0, -0.882989, 3.00646, 0, 3.8236 )

[node name="Bush28" type="Spatial" parent="." instance=ExtResource( 4 )]
transform = Transform( -0.412914, 0, 0.91077, 0, 1, 0, -0.91077, 0, -0.412914, 0.175248, 0, 1.70822 )

[node name="Bush29" type="Spatial" parent="." instance=ExtResource( 5 )]
transform = Transform( 0.776893, 0, 0.629632, 0, 1, 0, -0.629632, 0, 0.776893, 0.777514, 0, 0.637383 )

[node name="Bush30" type="Spatial" parent="." instance=ExtResource( 5 )]
transform = Transform( -0.735542, 0, 0.677479, 0, 1, 0, -0.677479, 0, -0.735542, -0.374226, 0, 1.38975 )

[node name="Bush31" type="Spatial" parent="." instance=ExtResource( 3 )]
transform = Transform( -0.546409, 0, 0.837518, 0, 1, 0, -0.837518, 0, -0.546409, 0.574305, 0, 3.63049 )

[node name="Bush32" type="Spatial" parent="." instance=ExtResource( 4 )]
transform = Transform( -0.915915, 0, -0.401373, 0, 1, 0, 0.401373, 0, -0.915915, -0.57192, 0, 3.16671 )

[node name="Bush33" type="Spatial" parent="." instance=ExtResource( 5 )]
transform = Transform( -0.619765, 0, 0.784787, 0, 1, 0, -0.784787, 0, -0.619765, -1.63507, 0, 2.55096 )

[node name="Bush34" type="Spatial" parent="." instance=ExtResource( 5 )]
transform = Transform( -0.68672, 0, -0.726923, 0, 1, 0, 0.726923, 0, -0.68672, -0.897314, 0, 3.71212 )

[node name="Bush35" type="Spatial" parent="." instance=ExtResource( 3 )]
transform = Transform( -0.844356, 0, -0.535783, 0, 1, 0, 0.535783, 0, -0.844356, 1.35524, 0, 2.79198 )
